-8.438662625849246979e-04
-3.153176279738545418e-03
3.672345483209937811e-04
-2.090319292619824409e-03
-6.493421271443367004e-03
-5.130348261445760727e-03
-1.137601677328348160e-02
-1.374493702314794064e-03
-2.219711430370807648e-03
-2.960222307592630386e-03
-1.784322550520300865e-03
-6.847920827567577362e-03
-6.004886701703071594e-03
-3.670274978503584862e-03
-6.005055736750364304e-03
6.991314876358956099e-05
-5.452036391943693161e-03
-7.181515917181968689e-03
-6.350087467581033707e-03
1.947433338500559330e-03
-8.146810345351696014e-03
-6.164293736219406128e-03
-3.430746262893080711e-03
3.283700789324939251e-04
-4.520769231021404266e-03
-3.007097868248820305e-03
3.304014680907130241e-03
-7.798538077622652054e-03
1.331854873569682240e-04
-2.762030111625790596e-03
-4.870501812547445297e-03
-2.645654603838920593e-03
-8.371131494641304016e-03
-2.116210293024778366e-03
-3.145745256915688515e-03
-1.874113921076059341e-03
-1.505516265751793981e-04
-6.965267471969127655e-03
-4.989439155906438828e-03
-4.274891689419746399e-03
0.000000000000000000e+00
-1.640292932279407978e-03
-6.003702059388160706e-03
0.000000000000000000e+00
-6.004255730658769608e-03
-5.544793792068958282e-03
-7.371274754405021667e-03
-1.537212869152426720e-03
-2.910656854510307312e-03
-8.271378464996814728e-03
-8.453545160591602325e-03
1.366479555144906044e-03
-2.773305866867303848e-03
-6.005126517266035080e-03
-5.110140889883041382e-03
3.350044833496212959e-03
-2.195083303377032280e-03
2.052408672170713544e-04
6.275752093642950058e-04
-6.697489880025386810e-06
0.000000000000000000e+00
2.662891522049903870e-03
-5.226213019341230392e-03
-6.005176808685064316e-03
-4.376639612019062042e-03
4.520049293526458990e-23
-9.225245448760688305e-04
3.180781845003366470e-03
-2.229311037808656693e-03
-1.709010684862732887e-03
-6.005268078297376633e-03
-4.292488098144531250e-03
-6.394437514245510101e-03
-3.878144314512610435e-03
-6.004778668284416199e-03
-6.004432216286659241e-03
-7.242076564580202103e-03
-6.565919611603021622e-03
-6.004954222589731216e-03
-6.004952825605869293e-03
3.133242717012763023e-03
5.453084013424813747e-04
-8.255352266132831573e-03
-2.701946650631725788e-04
-6.003974005579948425e-03
-6.003526505082845688e-03
-6.003305315971374512e-03
2.037256490439176559e-03
-4.534245934337377548e-03
-2.189344493672251701e-03
-2.824001712724566460e-03
-3.169797593727707863e-03
-4.763100296258926392e-03
-2.810775069519877434e-03
-6.005052011460065842e-03
-3.060671966522932053e-03
3.937681321986019611e-04
-8.933695498853921890e-04
5.028683226555585861e-04
-5.644661840051412582e-03
3.045225515961647034e-03
-7.460193708539009094e-03
-1.078357337974011898e-03
-1.491513685323297977e-03
-5.808076239190995693e-04
-3.218306461349129677e-03
1.290539512410759926e-03
-6.005052942782640457e-03
-3.133710473775863647e-03
-3.879049618262797594e-04
-6.500019226223230362e-03
-5.999083630740642548e-03
1.113301492296159267e-03
-1.064074039459228516e-02
-7.329748477786779404e-03
-2.445343881845474243e-03
-4.140086937695741653e-03
7.673758664168417454e-04
-6.611355114728212357e-03
1.498002675361931324e-04
-3.121988847851753235e-03
-5.820630583912134171e-03
-2.608287846669554710e-03
-5.834436742588877678e-04
-7.993482984602451324e-03
-5.335783120244741440e-03
-3.601859556511044502e-03
-7.741847541183233261e-03
-6.134044844657182693e-03
-2.796398708596825600e-03
0.000000000000000000e+00
-3.543500788509845734e-03
-6.001677829772233963e-03
-4.466637503355741501e-03
-7.911225548014044762e-04
0.000000000000000000e+00
-3.407775424420833588e-03
-5.555059760808944702e-03
-4.249680787324905396e-03
-3.924375865608453751e-03
-3.070573555305600166e-03
0.000000000000000000e+00
-4.559575580060482025e-03
-4.160475917160511017e-03
-3.791563445702195168e-03
-6.004459224641323090e-03
-5.776594392955303192e-03
-1.939180365297943354e-04
6.517720757983624935e-04
5.253101116977632046e-04
1.991224242374300957e-03
-4.278336651623249054e-03
-2.728287945501506329e-04
-6.005081348121166229e-03
-3.698461921885609627e-03
7.455170270986855030e-04
-1.286894897930324078e-03
1.655275351367890835e-03
-2.875942504033446312e-03
-5.753492470830678940e-03
-8.232058025896549225e-03
1.382831018418073654e-03
-7.448930758982896805e-03
-2.062481362372636795e-03
-3.025520127266645432e-03
-6.120275240391492844e-03
-1.946293166838586330e-03
-7.842822931706905365e-03
-6.004885304719209671e-03
-1.637845649383962154e-03
-1.574413734488189220e-03
-5.047124810516834259e-03
-2.856479724869132042e-03
-1.903595961630344391e-02
-6.005142815411090851e-03
-5.220834165811538696e-03
-5.550276953727006912e-03
-1.545682782307267189e-03
-6.403803825378417969e-03
-5.625647027045488358e-03
2.011830918490886688e-03
4.439491778612136841e-03
-4.013972356915473938e-03
-2.912574913352727890e-03
-5.917020142078399658e-03
8.049961761571466923e-04
1.195827848277986050e-03
-2.332320902496576309e-03
-6.952704861760139465e-03
-2.130447886884212494e-03
-1.209708396345376968e-03
2.275892620673403144e-04
-3.505438799038529396e-03
6.589405820704996586e-04
-6.004474591463804245e-03
-7.534220349043607712e-03
-2.558780135586857796e-03
-5.549332592636346817e-03
-5.232580006122589111e-03
-2.136935014277696609e-03
-6.768626626580953598e-03
-6.076419726014137268e-03
1.590664032846689224e-03
-2.491551218554377556e-03
-1.890607061795890331e-03
-4.412878770381212234e-03
-5.981113761663436890e-03
-1.526826061308383942e-03
-8.094058139249682426e-04
-1.771495444700121880e-03
-7.626293692737817764e-03
2.862521680071949959e-03
6.547911325469613075e-04
1.280076452530920506e-03
-1.991495955735445023e-03
-7.009422406554222107e-04
-1.810050569474697113e-03
-2.743790391832590103e-03
-3.207853529602289200e-03
-5.343921948224306107e-03
-1.385533949360251427e-03
-7.310137734748423100e-04
-3.131102712359279394e-04
-5.891483742743730545e-04
-5.020135082304477692e-03
-4.902466316707432270e-04
1.680468994891270995e-04
-4.536555614322423935e-03
-4.436425224412232637e-04
-1.564321224577724934e-03
-6.003519985824823380e-03
1.703926100162789226e-04
-6.623464170843362808e-03
-1.032854430377483368e-03
-5.474756006151437759e-03
-6.228825543075799942e-03
-7.397391833364963531e-03
4.476739268284291029e-04
-8.399074897170066833e-03
-3.346923273056745529e-03
7.615033537149429321e-04
-6.001863628625869751e-03
-6.699553225189447403e-03
-5.995487794280052185e-03
-3.275867085903882980e-03
-2.621843712404370308e-03
-6.672642193734645844e-03
8.041404362302273512e-05
-6.004145834594964981e-03
-3.564088139683008194e-03
-4.336544661782681942e-04
-5.943804979324340820e-03
-2.254449529573321342e-03
-6.630656775087118149e-03
-4.980843979865312576e-03
-1.172424526885151863e-03
